0 1486 284 72 123 1538 196 55 51 917 271 58 61 1503 213 82 94 1369 397 70 219 471 434 75 195 
1 917 271 57 61 1816 189 44 116 1534 197 60 54 1367 400 65 212 471 433 75 201 
2 917 270 58 61 1813 190 49 115 1533 195 61 58 469 433 75 191 1368 399 63 214 
3 917 270 58 62 1814 225 38 79 1532 195 63 60 466 432 77 191 1368 399 63 214 
4 1456 317 77 120 917 271 57 61 1804 192 53 114 1532 179 66 98 468 428 71 208 1367 401 63 210 
5 1452 313 77 126 917 271 57 61 1803 190 51 116 1532 177 66 105 1367 401 63 211 466 429 69 211 
6 917 271 56 60 1803 191 49 116 1447 312 80 127 1531 177 68 106 465 428 69 216 1366 400 64 211 
7 1803 180 44 119 917 271 57 61 1444 310 79 128 1533 178 70 109 459 442 73 200 1364 402 66 206 
8 1808 183 31 93 917 271 57 61 1445 312 73 127 1532 177 72 109 458 438 74 207 1362 407 69 198 
9 917 271 56 61 1801 185 36 124 1445 311 70 129 1534 177 73 109 458 440 71 204 1361 405 71 204 
10 917 271 56 61 1430 311 79 136 1799 184 36 126 1534 176 74 108 456 437 71 209 1360 408 72 199 
11 1798 185 36 123 917 271 56 61 1426 312 76 132 1534 176 77 107 455 429 70 213 1358 410 75 198 
12 917 271 57 60 1798 184 34 127 1423 314 73 127 1535 176 78 107 452 437 68 209 1358 412 75 197 
13 1797 184 35 128 917 271 57 61 1535 176 77 107 1420 313 72 129 451 439 67 205 1356 415 75 194 
14 1535 177 72 100 917 271 56 60 1416 313 73 125 453 440 59 203 1355 418 75 192 
15 1557 184 76 99 1533 177 72 95 917 271 56 61 1413 314 72 125 452 440 59 206 1355 420 75 191 
16 1539 190 49 68 1530 177 68 98 917 270 57 61 1562 186 74 99 1409 319 72 120 443 439 65 208 1356 420 75 191 
17 1574 201 59 57 1565 187 74 98 917 270 57 61 1530 175 68 100 1395 319 80 124 441 442 67 204 1355 420 76 192 
18 1540 193 51 67 917 270 57 61 1568 190 75 92 1528 177 70 99 1394 319 78 124 441 445 66 202 1355 419 76 194 
19 917 270 57 61 1572 190 75 94 1530 175 69 102 1390 319 77 124 441 446 65 204 1355 418 76 198 
20 917 270 57 61 1579 208 73 93 1531 174 67 103 1385 320 79 121 1356 420 75 198 437 446 69 202 
21 917 270 57 61 1581 208 73 92 1530 174 66 104 1382 322 80 119 434 448 70 200 1357 421 74 196 
22 1596 202 61 100 917 270 57 61 1530 174 66 105 1378 323 78 118 1357 417 74 202 431 451 73 198 
23 917 270 57 61 1596 203 62 97 1530 175 66 103 1376 325 76 119 1357 417 74 201 428 452 71 196 
24 1598 203 61 97 917 270 57 61 1530 174 65 103 1374 327 76 118 1357 417 73 202 426 451 70 197 
25 1544 191 47 71 917 270 57 61 1599 188 65 102 1371 329 75 115 1531 174 65 104 1357 417 73 203 424 453 69 197 
26 917 270 57 61 1353 330 87 112 1602 187 65 103 1531 174 64 104 1355 424 73 200 422 452 71 198 
27 917 270 57 62 1608 186 64 103 1531 173 62 104 1348 341 90 119 1353 425 73 197 420 453 72 196 
28 916 270 57 62 1544 193 48 67 1613 186 64 99 1530 172 62 105 1343 341 88 120 1349 427 75 195 420 450 70 197 
29 1544 194 49 66 916 270 58 62 1530 171 63 105 1616 187 64 97 1347 426 74 199 1341 341 83 123 417 451 71 196 
30 917 270 57 61 1530 171 64 105 1619 189 64 95 1338 342 81 120 1343 429 77 200 416 449 70 202 
31 917 271 57 61 1530 171 63 104 1332 341 84 124 1345 429 73 201 1620 190 66 93 415 450 70 204 
32 917 271 57 61 1333 345 79 120 1531 171 63 104 1345 427 71 203 1621 190 66 94 413 450 71 207 
33 917 270 56 61 1316 346 84 142 1532 171 63 105 1622 189 67 96 1343 428 73 201 410 450 74 210 
34 917 270 56 61 1314 348 84 139 1634 185 62 103 1533 170 63 104 1339 428 75 202 410 453 72 207 
35 917 270 56 61 1311 348 84 138 1534 170 64 105 1635 183 61 104 1341 427 71 202 403 457 69 206 
36 917 271 56 61 1534 170 64 105 1307 350 85 132 1639 183 60 102 1337 426 73 203 402 459 68 204 
37 917 271 55 61 1305 353 81 125 1535 169 65 105 1640 183 60 102 1335 424 72 205 401 459 69 205 
38 917 271 56 61 1298 355 80 119 1535 170 66 104 1642 183 60 102 1334 424 71 208 400 460 65 203 
39 917 271 55 61 1293 357 83 114 1535 168 66 106 1644 182 61 102 1333 424 71 209 399 459 65 206 
40 917 270 55 61 1293 360 81 109 1646 182 61 102 1534 167 66 107 1327 414 71 218 397 461 66 206 
41 918 271 55 61 1648 181 63 105 1533 166 66 108 1327 417 69 220 393 460 68 211 
42 1280 365 84 103 917 271 55 61 1651 179 64 105 1533 166 67 108 1323 417 73 225 390 461 68 214 
43 918 271 55 61 1277 372 77 153 1653 180 64 103 1534 166 67 108 1325 421 67 226 388 462 68 214 
44 918 270 55 61 1655 181 64 101 1273 372 76 153 1535 166 66 109 1320 421 70 227 387 463 68 215 
45 1543 191 50 71 918 270 54 61 1657 183 63 99 1535 166 65 108 1270 375 76 151 1322 410 70 252 385 466 69 209 
46 919 271 53 61 1658 182 63 99 1535 167 66 107 1269 376 73 151 382 467 72 208 1322 415 71 241 
47 1703 186 38 81 1659 182 64 97 918 271 54 61 1535 167 65 106 1263 376 78 150 378 469 77 204 1321 418 72 235 
48 918 270 54 62 1673 180 63 109 1535 167 66 106 1261 381 76 143 374 470 78 202 1321 414 71 243 
49 918 270 54 61 1674 179 61 114 1535 167 66 106 1244 377 87 154 375 468 75 207 1319 420 72 230 
50 918 271 56 61 1676 177 56 121 1536 167 66 106 1240 379 89 154 375 466 73 213 1319 420 71 228 
51 918 271 56 61 1677 177 53 120 1537 167 66 105 1238 382 91 149 373 465 75 217 1316 423 72 223 
52 918 270 55 62 1677 177 53 123 1538 167 66 105 1235 383 88 145 373 466 73 215 1315 413 69 244 
53 918 270 55 62 1884 156 33 71 1537 166 68 105 1676 176 54 124 1232 388 88 132 363 477 67 187 1314 418 68 233 
54 919 270 55 62 1882 159 33 70 1537 165 67 106 1675 173 56 134 1228 390 87 131 1312 427 68 212 362 474 67 194 
55 1881 159 34 70 918 270 55 62 1539 166 67 105 1673 173 57 134 1225 393 87 127 363 470 64 206 1311 429 69 208 
56 1879 160 34 70 918 270 56 62 1539 167 68 104 1658 173 70 132 1217 399 89 156 1310 427 71 214 364 471 64 215 
57 1877 158 34 72 918 270 55 62 1539 168 68 104 1658 172 71 134 1205 403 90 154 1309 427 71 216 362 470 65 220 
58 1876 156 33 74 919 269 55 62 1539 168 68 103 1657 173 72 132 1204 397 92 164 1309 429 71 213 358 471 68 219 
59 919 269 55 62 1539 168 67 102 1657 174 71 128 1304 440 72 207 1202 396 90 167 355 476 70 211 
60 919 269 55 62 1540 169 67 101 1659 175 68 123 1302 444 72 200 353 477 70 208 1199 399 87 162 
61 918 270 55 62 1660 179 65 112 1540 169 66 101 1298 443 74 202 1196 404 87 157 352 470 69 219 
62 918 270 55 62 1659 180 66 108 1540 168 66 102 1298 442 71 204 1191 405 89 160 350 471 68 221 
63 918 270 55 62 1657 181 68 109 1541 167 64 103 1298 440 70 208 1189 411 88 151 346 471 69 222 
64 918 269 55 62 1541 169 66 100 1656 180 68 110 1188 417 85 145 1299 440 65 208 343 469 69 224 
65 1858 162 40 71 918 270 55 62 1685 165 50 59 1542 168 66 100 1654 180 69 108 1184 421 84 141 1295 435 60 217 342 470 67 224 
66 918 270 56 62 1857 164 40 68 1542 165 64 104 1165 420 95 149 1649 181 68 118 1294 434 61 218 340 469 68 226 
67 918 270 56 61 1855 164 40 68 1542 166 65 103 330 476 85 224 1166 423 92 138 1645 181 70 121 1292 434 63 219 
68 918 270 55 61 1852 165 40 67 1541 165 64 105 1163 425 92 129 314 475 99 231 1640 190 68 113 1292 434 62 219 
69 919 270 54 62 1850 165 41 66 1540 165 65 104 1160 426 89 128 1637 190 67 115 1290 434 62 220 312 477 102 232 
70 1849 166 38 65 1848 190 40 62 918 270 54 62 1540 166 64 103 1153 426 94 173 1636 190 63 115 313 479 101 230 1287 436 66 215 
71 918 269 54 62 1847 189 39 64 1540 166 65 102 1149 428 95 170 310 483 103 227 1635 191 61 114 1285 436 67 217 
72 919 269 54 62 1845 190 41 65 1541 166 64 102 1621 190 69 114 308 483 103 227 1146 431 97 169 1283 441 68 210 
73 919 269 55 62 1842 192 42 63 1539 167 66 101 1624 190 63 113 1147 434 92 163 1279 441 71 210 320 490 74 213 
74 1547 190 50 72 1839 191 41 65 1626 189 58 115 1148 436 89 160 1279 440 70 213 315 489 74 214 
75 919 269 55 63 1548 191 52 71 1835 190 42 69 1625 189 55 115 1146 441 86 157 314 494 71 210 1278 442 70 211 
76 919 269 54 63 1548 191 51 71 1833 188 42 75 1625 189 51 117 1125 445 97 166 312 496 71 212 1276 441 73 213 
77 919 269 55 63 1548 192 54 72 1830 183 43 82 1619 181 53 119 313 499 69 209 1124 449 96 163 1275 444 71 212 
78 918 269 55 63 1549 192 54 73 1830 187 41 77 1618 186 50 121 310 497 70 212 1122 454 97 155 1275 446 71 212 
79 919 269 55 63 1549 192 55 73 1828 189 41 75 1616 186 50 122 1120 454 95 157 304 494 74 214 1275 445 72 213 
80 919 269 54 63 1822 196 39 68 